51,4
51,3
51,2
51,1
51,0
50,4
50,3
50,2
50,1
50,0
49,4
49,3
49,2
49,1
49,0
48,4
48,3
48,2
48,1
48,0
47,4
47,3
47,2
47,1
47,0
46,4
46,3
46,2
46,1
46,0
45,5
45,4
45,3
45,2
45,1
45,0
44,4
44,3
44,2
44,1
44,0
43,3
43,2
43,1
43,0
42,5
42,4
42,3
42,2
42,1
42,0
0,467
0,466
0,465
0,464
0,463
41,4
41,3
41,2
0,462
41,1
41,0
0,461
0,460
0,459
0,458
0,457
0,456
0,455
0,454
0,453
0,452
0,451
0,450
0,449
0,448
0,447
0,446
0,445
40,5
40,4
40,3
40,2
0,444
40,1
40,0
0,443
0,442
0,441
0,440
0,439
0,438
0,437
0,436
0,435
0,434
0,433
0,432
0,431
0,430
0,429
0,428
0,427
39,4
39,3
39,2
0,426
39,1
39,0
0,425
0,424
0,423
0,422
0,421
0,420
0,419
0,418
0,417
0,416
0,415
0,414
0,413
0,412
0,411
0,410
0,409
38,5
38,4
38,3
38,2
0,408
38,1
38,0
0,407
0,406
0,405
0,404
0,403
0,402
0,401
0,400
0,399
0,398
0,397
0,396
0,395
0,394
0,393
0,392
37,4
37,3
37,2
37,1
37,0
0,278
0,391
0,390
0,389
0,388
0,387
0,386
0,385
0,384
0,273
0,270
